RT acc Quest
8.45755555555556 0.840277777777778 102
12.3154930555556 0.902777777777778 118
11.2006458333333 0.875 60
22.2592152777778 0.875 130
11.4458055555556 0.854166666666667 71
15.9882013888889 0.972222222222222 117
10.9847430555556 0.826388888888889 129
16.4250138888889 0.805555555555556 57
12.9512013888889 0.972222222222222 111
11.4253402777778 0.840277777777778 90
12.4493125 0.888888888888889 64
14.1755972222222 0.770833333333333 69
15.4443402777778 0.895833333333333 69
11.8154652777778 0.993055555555556 79
8.89731944444445 0.930555555555556 93
10.9393680555556 0.916666666666667 104
12.7347708333333 0.909722222222222 102
9.14332638888889 0.868055555555556 79
9.65581944444444 0.909722222222222 91
10.6127430555556 0.881944444444444 95
11.2798680555556 0.909722222222222 73
10.0422916666667 0.805555555555556 134
17.8933541666667 0.8125 117
9.80474305555556 0.916666666666667 104
10.1287708333333 0.930555555555556 80
8.87068055555556 0.923611111111111 96
10.6007361111111 0.833333333333333 101
10.55325 0.9375 77
11.0620763888889 0.944444444444444 92
10.1376458333333 0.923611111111111 107
12.7715277777778 0.909722222222222 120
12.7598611111111 0.819444444444444 56
9.40545138888889 0.854166666666667 88
9.76728472222222 0.944444444444444 125
11.4159375 0.951388888888889 57
12.2996736111111 0.847222222222222 120
10.0729236111111 0.875 67
9.43200694444444 0.972222222222222 121
10.9507152777778 0.847222222222222 78
7.46346527777778 0.875 82
12.5922986111111 0.895833333333333 98
10.2347013888889 0.958333333333333 90
8.63861111111111 0.951388888888889 99
13.7011319444444 0.9375 95
10.5157222222222 0.979166666666667 86
8.83452777777778 0.9375 80
12.5083541666667 0.861111111111111 76
10.0545486111111 0.868055555555556 101
10.0653333333333 0.916666666666667 96
11.5715972222222 0.930555555555556 53
10.8656944444444 0.916666666666667 97
11.113625 0.944444444444444 65
10.0414722222222 0.909722222222222 115
10.5528541666667 0.868055555555556 112
10.5532291666667 0.826388888888889 94
10.4574097222222 0.930555555555556 110
15.8916041666667 0.909722222222222 92
9.12708333333333 0.930555555555556 95
9.13201388888889 0.909722222222222 102
8.39672916666667 0.875 105
9.37492361111111 0.895833333333333 122
9.87586111111111 0.9375 84
8.83584722222222 0.875 63
10.5506319444444 0.930555555555556 95
10.7032430555556 0.840277777777778 98
9.75203472222222 0.888888888888889 102
9.28096527777778 0.840277777777778 86
8.28100694444444 0.895833333333333 97
